{
  "advancedEditorSelectedIdentifier" : "ProjectBrowser",
  "openSceneRelativePaths" : [
    "Immersive.usda",
    "ADC\/antibodyProtein_complex.usdc",
    "ADC\/cancerCell_complex.usdc",
    "ADC\/healthyCell_complex.usdc",
    "Scene.usda",
    "Lab\/lab_v001.usdc"
  ],
  "recentIdentifiers" : {
    "1D572CEB-057A-41C3-B575-04C37501A3C0" : [

    ],
    "559F0420-FF8C-4149-8F96-49DF927D735B" : [

    ],
    "60CF6D2A-3AC5-407C-A38C-84695054A371" : [

    ],
    "7F0CCEB1-64D4-4099-BCDC-072DC47B2738" : [

    ],
    "8C4A0577-657C-4E6A-A79C-A9D098D8796E" : [

    ],
    "D66134B1-3681-4A8E-AFE5-29F257229F3B" : [

    ]
  },
  "sceneCameraHistory" : {
    "1D572CEB-057A-41C3-B575-04C37501A3C0" : [
      {
        "date" : 752142827.408365,
        "title" : "Untitled",
        "transform" : [
          0.9944548,
          -1.2486856e-09,
          0.105164394,
          0,
          0.076765515,
          0.6834927,
          -0.7259096,
          0,
          -0.07187901,
          0.72995734,
          0.6797025,
          0,
          -1.4053019,
          4.6622467,
          4.562334,
          1
        ]
      },
      {
        "date" : 752142817.944118,
        "title" : "Untitled",
        "transform" : [
          0.99984014,
          -1.7036548e-09,
          0.017879114,
          0,
          0.010039734,
          0.8274533,
          -0.56144476,
          0,
          -0.014794038,
          0.5615346,
          0.82732093,
          0,
          -1.9671822,
          6.7972064,
          10.785114,
          1
        ]
      },
      {
        "date" : 752142809.975268,
        "title" : "Untitled",
        "transform" : [
          0.5215636,
          -1.5584095e-09,
          -0.85321236,
          0,
          -0.36841786,
          0.90196896,
          -0.22521162,
          0,
          0.7695711,
          0.4318009,
          0.4704341,
          0,
          9.0671835,
          5.107095,
          7.6219616,
          1
        ]
      },
      {
        "date" : 752142800.742559,
        "title" : "Untitled",
        "transform" : [
          0.52156365,
          -1.5584097e-09,
          -0.8532125,
          0,
          -0.36841786,
          0.90196896,
          -0.22521162,
          0,
          0.7695711,
          0.4318009,
          0.4704341,
          0,
          25.240152,
          11.190715,
          12.682831,
          1
        ]
      },
      {
        "date" : 752142766.008679,
        "title" : "Untitled",
        "transform" : [
          0.90034574,
          -3.0182354e-09,
          -0.43517542,
          0,
          -0.17911829,
          0.91136456,
          -0.37058246,
          0,
          0.39660347,
          0.4116002,
          0.82054305,
          0,
          13.910639,
          10.549388,
          24.362385,
          1
        ]
      },
      {
        "date" : 752142741.574369,
        "title" : "Untitled",
        "transform" : [
          0.9999992,
          -8.848922e-12,
          -0.0011901851,
          0,
          -0.0005955328,
          0.8658117,
          -0.50036955,
          0,
          0.0010304763,
          0.5003699,
          0.86581105,
          0,
          0.053746805,
          9.369532,
          13.215844,
          1
        ]
      },
      {
        "date" : 752142694.425241,
        "title" : "Untitled",
        "transform" : [
          0.9999992,
          -8.848922e-12,
          -0.0011901851,
          0,
          -0.0005955328,
          0.8658117,
          -0.50036955,
          0,
          0.0010304763,
          0.5003699,
          0.86581105,
          0,
          0.07637018,
          20.354984,
          32.224617,
          1
        ]
      },
      {
        "date" : 752142560.507143,
        "title" : "Untitled",
        "transform" : [
          0.9999992,
          -8.848922e-12,
          -0.0011901851,
          0,
          -0.0005955328,
          0.8658117,
          -0.50036955,
          0,
          0.0010304763,
          0.5003699,
          0.86581105,
          0,
          0.03781593,
          1.6344318,
          -0.16832066,
          1
        ]
      },
      {
        "date" : 752142556.591449,
        "title" : "Untitled",
        "transform" : [
          0.9999992,
          -8.848922e-12,
          -0.0011901851,
          0,
          -0.0005955328,
          0.8658117,
          -0.50036955,
          0,
          0.0010304763,
          0.5003699,
          0.86581105,
          0,
          -0.02587676,
          0.78553796,
          -2.248844,
          1
        ]
      },
      {
        "date" : 752142551.990622,
        "title" : "Untitled",
        "transform" : [
          0.9999992,
          -8.848922e-12,
          -0.0011901851,
          0,
          -0.0005955328,
          0.8658117,
          -0.50036955,
          0,
          0.0010304763,
          0.5003699,
          0.86581105,
          0,
          0.041833878,
          2.0945172,
          0.77818394,
          1
        ]
      }
    ],
    "559F0420-FF8C-4149-8F96-49DF927D735B" : [
      {
        "date" : 752142734.174814,
        "title" : "Untitled",
        "transform" : [
          1,
          0,
          0,
          0,
          0,
          0.7071069,
          -0.70710677,
          0,
          0,
          0.70710677,
          0.7071069,
          0,
          -1.3994514,
          2.0191016,
          1.6384804,
          1
        ]
      },
      {
        "date" : 752142716.135796,
        "title" : "Untitled",
        "transform" : [
          1,
          0,
          0,
          0,
          0,
          0.7071069,
          -0.70710677,
          0,
          0,
          0.70710677,
          0.7071069,
          0,
          -0.98048604,
          2.0330179,
          1.6245636,
          1
        ]
      }
    ],
    "D66134B1-3681-4A8E-AFE5-29F257229F3B" : [
      {
        "date" : 752144717.891196,
        "title" : "Untitled",
        "transform" : [
          0.99998647,
          0,
          -0.005203223,
          0,
          -0.003679234,
          0.7071069,
          -0.7070972,
          0,
          0.0036792348,
          0.70710677,
          0.7070973,
          0,
          1.1485466,
          9.610773,
          13.839188,
          1
        ]
      },
      {
        "date" : 752144715.451898,
        "title" : "Untitled",
        "transform" : [
          1,
          0,
          0,
          0,
          0,
          0.7071069,
          -0.70710677,
          0,
          0,
          0.70710677,
          0.7071069,
          0,
          1.068658,
          9.610773,
          13.844955,
          1
        ]
      }
    ]
  },
  "sceneViewportBackgroundColors" : {

  },
  "selectedSceneRelativePath" : "Scene.usda"
}