{
  "advancedEditorSelectedIdentifier" : "ProjectBrowser",
  "openSceneRelativePaths" : [
    "Immersive.usda",
    "ADC\/antibodyProtein_complex.usdc",
    "Scene.usda",
    "Lab\/lab_v001.usdc",
    "ADC\/cancerCell_complex.usdc",
    "Lab\/Manilla Folders\/manilaFolder_closed1.usdc",
    "Lab\/Manilla Folders\/manilaFolder_closed2.usdc",
    "Lab\/Manilla Folders\/manilaFolder_closed3.usdc",
    "ADC\/ADC.usda"
  ],
  "recentIdentifiers" : {
    "1D572CEB-057A-41C3-B575-04C37501A3C0" : [

    ],
    "411E712E-6CF5-46FB-B2B5-198FABD660B6" : [

    ],
    "559F0420-FF8C-4149-8F96-49DF927D735B" : [

    ],
    "56CFBA37-B4F9-4849-9B48-1491ED8F89FB" : [

    ],
    "60CF6D2A-3AC5-407C-A38C-84695054A371" : [

    ],
    "6EFD026C-8554-4EB4-B3B4-003D59C72C47" : [

    ],
    "72B3146D-0EB6-4659-9415-1111CE0458B9" : [

    ],
    "7F0CCEB1-64D4-4099-BCDC-072DC47B2738" : [

    ],
    "8C4A0577-657C-4E6A-A79C-A9D098D8796E" : [

    ],
    "C8839E85-627A-4492-AA62-4F4685E6CF0F" : [

    ],
    "C98E1505-AFC7-4392-81AB-0AB0AEAA6FC7" : [

    ],
    "D66134B1-3681-4A8E-AFE5-29F257229F3B" : [

    ]
  },
  "sceneCameraHistory" : {
    "1D572CEB-057A-41C3-B575-04C37501A3C0" : [
      {
        "date" : 752181340.154033,
        "title" : "Untitled",
        "transform" : [
          0.9945465,
          -1.8376493e-08,
          -0.104293935,
          0,
          -0.047377575,
          0.89086384,
          -0.45179322,
          0,
          0.09291161,
          0.45427066,
          0.8860054,
          0,
          -0.31453001,
          1.5044179,
          0.18121803,
          1
        ]
      },
      {
        "date" : 752181335.360087,
        "title" : "Untitled",
        "transform" : [
          0.9999998,
          -1.8081948e-08,
          -0.00053007517,
          0,
          -0.00021738326,
          0.9119635,
          -0.41027138,
          0,
          0.00048332536,
          0.4102715,
          0.9119633,
          0,
          -0.4690733,
          1.4352553,
          0.045931578,
          1
        ]
      },
      {
        "date" : 752181332.443752,
        "title" : "Untitled",
        "transform" : [
          0.9999998,
          -1.8081948e-08,
          -0.00053007517,
          0,
          -0.00021738326,
          0.9119635,
          -0.41027138,
          0,
          0.00048332536,
          0.4102715,
          0.9119633,
          0,
          -0.5019318,
          1.4006703,
          0.061508104,
          1
        ]
      },
      {
        "date" : 752181329.184886,
        "title" : "Untitled",
        "transform" : [
          0.9999998,
          -1.8081948e-08,
          -0.00053007517,
          0,
          -0.00021738326,
          0.9119635,
          -0.41027138,
          0,
          0.00048332536,
          0.4102715,
          0.9119633,
          0,
          -0.6342782,
          1.2269843,
          -0.42793563,
          1
        ]
      },
      {
        "date" : 752181321.274739,
        "title" : "Untitled",
        "transform" : [
          0.9999998,
          -1.8081948e-08,
          -0.00053007517,
          0,
          -0.00021738326,
          0.9119635,
          -0.41027138,
          0,
          0.00048332536,
          0.4102715,
          0.9119633,
          0,
          -0.5557834,
          1.1761236,
          -0.5445316,
          1
        ]
      },
      {
        "date" : 752181312.886312,
        "title" : "Untitled",
        "transform" : [
          0.9999998,
          -1.8081948e-08,
          -0.00053007517,
          0,
          -0.00021738326,
          0.9119635,
          -0.41027138,
          0,
          0.00048332536,
          0.4102715,
          0.9119633,
          0,
          -0.76886475,
          1.1688081,
          -0.5411276,
          1
        ]
      },
      {
        "date" : 752181302.096735,
        "title" : "Untitled",
        "transform" : [
          0.9999998,
          -1.8081948e-08,
          -0.00053007517,
          0,
          -0.00021738326,
          0.9119635,
          -0.41027138,
          0,
          0.00048332536,
          0.4102715,
          0.9119633,
          0,
          -0.9322377,
          1.1444979,
          -0.609692,
          1
        ]
      },
      {
        "date" : 752181290.494725,
        "title" : "Untitled",
        "transform" : [
          0.721242,
          -1.807835e-08,
          -0.6926831,
          0,
          -0.36369866,
          0.8510666,
          -0.37869388,
          0,
          0.5895193,
          0.5250579,
          0.61382496,
          0,
          -0.69119614,
          1.1904018,
          -0.71530867,
          1
        ]
      },
      {
        "date" : 752181269.836902,
        "title" : "Untitled",
        "transform" : [
          0.99445486,
          -1.29231505e-08,
          0.105164394,
          0,
          0.07676552,
          0.6834928,
          -0.7259096,
          0,
          -0.07187909,
          0.72995734,
          0.67970264,
          0,
          -0.96322924,
          1.2755567,
          -0.67963773,
          1
        ]
      },
      {
        "date" : 752171841.998265,
        "title" : "Untitled",
        "transform" : [
          0.99445486,
          -6.238049e-09,
          0.105164394,
          0,
          0.07676552,
          0.6834928,
          -0.7259096,
          0,
          -0.071879104,
          0.72995734,
          0.67970264,
          0,
          -0.98248595,
          1.7171079,
          -0.062628314,
          1
        ]
      }
    ],
    "411E712E-6CF5-46FB-B2B5-198FABD660B6" : [
      {
        "date" : 752165990.721842,
        "title" : "Untitled",
        "transform" : [
          0.9966098,
          0.00064574793,
          0.08227065,
          0,
          0.07400301,
          0.42991418,
          -0.8998318,
          0,
          -0.03595039,
          0.9028696,
          0.42840895,
          0,
          -0.22760844,
          0.48773846,
          0.26999494,
          1
        ]
      },
      {
        "date" : 752165987.435719,
        "title" : "Untitled",
        "transform" : [
          0.99998003,
          8.391021e-11,
          -0.0063160593,
          0,
          -0.005944849,
          0.33777326,
          -0.9412087,
          0,
          0.0021333955,
          0.9412275,
          0.33776647,
          0,
          -0.22760844,
          0.48773846,
          0.26999494,
          1
        ]
      },
      {
        "date" : 752165984.387925,
        "title" : "Untitled",
        "transform" : [
          1,
          0,
          -0,
          0,
          -0,
          0.7071069,
          -0.7071067,
          0,
          0,
          0.7071067,
          0.7071069,
          0,
          -0.120547056,
          0.17164671,
          0.2370876,
          1
        ]
      }
    ],
    "559F0420-FF8C-4149-8F96-49DF927D735B" : [
      {
        "date" : 752174556.349305,
        "title" : "Untitled",
        "transform" : [
          0.95636934,
          0.0032197747,
          0.29214245,
          0,
          0.15893632,
          0.83329797,
          -0.52948445,
          0,
          -0.24514656,
          0.5528147,
          0.7964289,
          0,
          -3.1809251,
          3.5128272,
          3.3770216,
          1
        ]
      },
      {
        "date" : 752174553.886626,
        "title" : "Untitled",
        "transform" : [
          0.95636934,
          0.0032197747,
          0.29214245,
          0,
          0.15893632,
          0.83329797,
          -0.52948445,
          0,
          -0.24514656,
          0.5528147,
          0.7964289,
          0,
          -3.4388382,
          4.320468,
          4.153439,
          1
        ]
      },
      {
        "date" : 752171383.20856,
        "title" : "Untitled",
        "transform" : [
          0.95636934,
          0.0032197747,
          0.29214245,
          0,
          0.15893632,
          0.83329797,
          -0.52948445,
          0,
          -0.24514656,
          0.5528147,
          0.7964289,
          0,
          -3.1183414,
          3.316852,
          3.1886234,
          1
        ]
      },
      {
        "date" : 752171328.669595,
        "title" : "Untitled",
        "transform" : [
          0.95636934,
          0.0032197747,
          0.29214245,
          0,
          0.15893632,
          0.83329797,
          -0.52948445,
          0,
          -0.24514656,
          0.5528147,
          0.7964289,
          0,
          -2.5985746,
          1.6892335,
          1.6239283,
          1
        ]
      },
      {
        "date" : 752171322.99045,
        "title" : "Untitled",
        "transform" : [
          0.970261,
          0.0032197747,
          0.24203989,
          0,
          0.13636331,
          0.8188802,
          -0.5575305,
          0,
          -0.1999968,
          0.5739554,
          0.7940884,
          0,
          -2.3350549,
          1.3935112,
          1.118258,
          1
        ]
      },
      {
        "date" : 752171289.517652,
        "title" : "Untitled",
        "transform" : [
          0.97026104,
          0.0032197675,
          0.2420399,
          0,
          0.13636333,
          0.8188802,
          -0.55753046,
          0,
          -0.1999968,
          0.57395536,
          0.7940885,
          0,
          -3.5504081,
          3.5084138,
          4.0311418,
          1
        ]
      },
      {
        "date" : 752171288.452922,
        "title" : "Untitled",
        "transform" : [
          0.97026104,
          0.0032197675,
          0.2420399,
          0,
          0.13636333,
          0.8188802,
          -0.55753046,
          0,
          -0.1999968,
          0.57395536,
          0.7940885,
          0,
          -3.5556264,
          3.523389,
          4.051861,
          1
        ]
      },
      {
        "date" : 752170883.885379,
        "title" : "Untitled",
        "transform" : [
          0.97026104,
          0.0032197675,
          0.2420399,
          0,
          0.13636333,
          0.8188802,
          -0.55753046,
          0,
          -0.1999968,
          0.57395536,
          0.7940885,
          0,
          -2.9003627,
          1.6429132,
          1.4501457,
          1
        ]
      },
      {
        "date" : 752170872.901443,
        "title" : "Untitled",
        "transform" : [
          0.9944451,
          0.0032197675,
          0.10520767,
          0,
          0.057055157,
          0.8234598,
          -0.5644985,
          0,
          -0.08845183,
          0.56736535,
          0.81870186,
          0,
          -2.528833,
          1.2889692,
          1.0370826,
          1
        ]
      },
      {
        "date" : 752170871.092859,
        "title" : "Untitled",
        "transform" : [
          0.9944451,
          0.0032197675,
          0.10520767,
          0,
          0.057055157,
          0.8234598,
          -0.5644985,
          0,
          -0.08845183,
          0.56736535,
          0.81870186,
          0,
          -2.505814,
          1.1413172,
          0.82402277,
          1
        ]
      }
    ],
    "56CFBA37-B4F9-4849-9B48-1491ED8F89FB" : [
      {
        "date" : 752172321.634791,
        "title" : "Untitled",
        "transform" : [
          0.9999999,
          -3.4127159e-12,
          0.0004367612,
          0,
          0.0004364952,
          0.034899555,
          -0.9993908,
          0,
          -1.5242747e-05,
          0.9993909,
          0.034899555,
          0,
          -0.06004879,
          0.4925869,
          0.047205225,
          1
        ]
      },
      {
        "date" : 752172316.505538,
        "title" : "Untitled",
        "transform" : [
          1,
          0,
          -0,
          0,
          -0,
          0.7071069,
          -0.7071067,
          0,
          0,
          0.7071067,
          0.7071069,
          0,
          -0.120547056,
          0.1703707,
          0.2365123,
          1
        ]
      }
    ],
    "6EFD026C-8554-4EB4-B3B4-003D59C72C47" : [
      {
        "date" : 752165977.675469,
        "title" : "Untitled",
        "transform" : [
          0.9998014,
          5.713169e-10,
          0.019930389,
          0,
          0.018541863,
          0.36672017,
          -0.9301466,
          0,
          -0.0073088757,
          0.9303313,
          0.36664736,
          0,
          -0.004297093,
          0.5469687,
          0.21556222,
          1
        ]
      }
    ],
    "A334C46B-C9AD-4664-B40A-B7C43C207923" : [
      {
        "date" : 752178191.442369,
        "title" : "Untitled",
        "transform" : [
          0.9999092,
          2.1145241e-10,
          -0.013473265,
          0,
          -0.003148873,
          0.9723058,
          -0.2336915,
          0,
          0.013100133,
          0.2337127,
          0.9722175,
          0,
          0.017486528,
          0.12012088,
          0.52839977,
          1
        ]
      }
    ],
    "C98E1505-AFC7-4392-81AB-0AB0AEAA6FC7" : [
      {
        "date" : 752172255.660797,
        "title" : "Untitled",
        "transform" : [
          0.9999973,
          -1.2878831e-09,
          -0.0023013717,
          0,
          -0.0022852344,
          0.11821534,
          -0.99298537,
          0,
          0.00027205667,
          0.99298805,
          0.11821501,
          0,
          -0.111669675,
          0.40243894,
          0.079300724,
          1
        ]
      },
      {
        "date" : 752172253.652015,
        "title" : "Untitled",
        "transform" : [
          0.9977561,
          -1.284093e-09,
          0.066953264,
          0,
          0.065578885,
          0.2015777,
          -0.9772747,
          0,
          -0.013496285,
          0.9794726,
          0.20112537,
          0,
          -0.11914772,
          0.39433452,
          0.104975894,
          1
        ]
      },
      {
        "date" : 752170211.568372,
        "title" : "Untitled",
        "transform" : [
          0.9977561,
          2.8877927e-09,
          0.066953264,
          0,
          0.065578885,
          0.20157775,
          -0.9772748,
          0,
          -0.013496286,
          0.9794726,
          0.20112544,
          0,
          -0.23087162,
          0.49426696,
          0.17330073,
          1
        ]
      },
      {
        "date" : 752170203.676521,
        "title" : "Untitled",
        "transform" : [
          1,
          0,
          0,
          0,
          0,
          0.7071069,
          -0.7071067,
          0,
          0,
          0.7071067,
          0.7071069,
          0,
          -0.21875052,
          0.3091629,
          0.4291866,
          1
        ]
      },
      {
        "date" : 752170202.000284,
        "title" : "Untitled",
        "transform" : [
          1,
          0,
          -0,
          0,
          -0,
          0.7071069,
          -0.7071067,
          0,
          0,
          0.7071067,
          0.7071069,
          0,
          -0.120547056,
          0.1703707,
          0.2365123,
          1
        ]
      }
    ],
    "D66134B1-3681-4A8E-AFE5-29F257229F3B" : [
      {
        "date" : 752169379.860038,
        "title" : "Untitled",
        "transform" : [
          0.9833352,
          -7.0223196e-06,
          -0.18180162,
          0,
          -0.117724605,
          0.7620032,
          -0.6367827,
          0,
          0.1385379,
          0.6475734,
          0.7493037,
          0,
          0.097470105,
          3.134494,
          2.3624794,
          1
        ]
      },
      {
        "date" : 752169367.360764,
        "title" : "Untitled",
        "transform" : [
          0.99448323,
          -7.0226893e-06,
          -0.10489538,
          0,
          -0.06106688,
          0.8130289,
          -0.5790121,
          0,
          0.08528704,
          0.5822235,
          0.80854315,
          0,
          -0.14906561,
          2.8405583,
          2.5805032,
          1
        ]
      },
      {
        "date" : 752169033.510915,
        "title" : "Untitled",
        "transform" : [
          0.99448323,
          -7.0226893e-06,
          -0.10489538,
          0,
          -0.06106688,
          0.8130289,
          -0.5790121,
          0,
          0.08528704,
          0.5822235,
          0.80854315,
          0,
          -1.037873,
          2.9895828,
          2.5669448,
          1
        ]
      },
      {
        "date" : 752169026.862195,
        "title" : "Untitled",
        "transform" : [
          0.9979689,
          8.427903e-05,
          -0.0637028,
          0,
          -0.04145298,
          0.7601728,
          -0.6483972,
          0,
          0.04837049,
          0.64972097,
          0.7586323,
          0,
          -0.91025627,
          2.3158739,
          1.649917,
          1
        ]
      },
      {
        "date" : 752167696.928029,
        "title" : "Untitled",
        "transform" : [
          0.98964256,
          3.6799417e-09,
          -0.14355339,
          0,
          -0.09002148,
          0.77894354,
          -0.6205989,
          0,
          0.11181999,
          0.62709403,
          0.7708757,
          0,
          -0.91025627,
          2.3158739,
          1.649917,
          1
        ]
      },
      {
        "date" : 752167684.848791,
        "title" : "Untitled",
        "transform" : [
          0.98964256,
          3.189693e-09,
          -0.1435534,
          0,
          -0.090021476,
          0.7789435,
          -0.620599,
          0,
          0.111820035,
          0.6270939,
          0.7708758,
          0,
          0.78989494,
          3.110866,
          2.7331698,
          1
        ]
      },
      {
        "date" : 752167674.988231,
        "title" : "Untitled",
        "transform" : [
          0.98339945,
          -2.8325076e-10,
          -0.18145394,
          0,
          -0.15290049,
          0.5384763,
          -0.8286525,
          0,
          0.09770871,
          0.8426407,
          0.52953744,
          0,
          0.77974,
          4.4519835,
          1.7029419,
          1
        ]
      },
      {
        "date" : 752167670.51556,
        "title" : "Untitled",
        "transform" : [
          0.9826875,
          1.7389414e-09,
          -0.18527104,
          0,
          -0.046464298,
          0.96804136,
          -0.24644916,
          0,
          0.17935008,
          0.2507908,
          0.9512821,
          0,
          1.1566006,
          1.928004,
          3.655343,
          1
        ]
      },
      {
        "date" : 752167662.972548,
        "title" : "Untitled",
        "transform" : [
          0.9992097,
          -9.353031e-09,
          -0.039748903,
          0,
          -0.039724685,
          0.03489939,
          -0.9986011,
          0,
          0.001387282,
          0.99939084,
          0.034871962,
          0,
          0.39658296,
          5.1318254,
          -0.2524066,
          1
        ]
      },
      {
        "date" : 752167661.614502,
        "title" : "Untitled",
        "transform" : [
          0.999154,
          -9.353031e-09,
          -0.04112657,
          0,
          -0.041101515,
          0.03489945,
          -0.99854535,
          0,
          0.0014353645,
          0.99939084,
          0.034870077,
          0,
          0.39856613,
          5.1318254,
          -0.25390947,
          1
        ]
      }
    ]
  },
  "sceneViewportBackgroundColors" : {

  },
  "selectedSceneRelativePath" : "Immersive.usda"
}